[panel.jpg]
filters=radblur=1,0.500000,0.500000,-0.742690,-0.719298;
moddate=74fc9e80b788d001
width=1400
height=730
textactive=0
[campus.jpg]
filters=finetune2=1,0.432749,0.216140,0.216140,00000000,0.029240;radblur=1,0.500000,0.500000,-0.625731,-0.637427;radblur=1,0.500000,0.500000,-0.649123,-0.660819;radblur=1,0.000000,0.256164,0.000000,-0.894737;
moddate=1c246da1b788d001
width=1400
height=730
textactive=0
[case.jpg]
filters=radblur=1,0.500000,0.500000,-0.637427,-0.637427;radblur=1,0.500000,0.500000,-0.730994,-0.859649;radblur=1,0.500000,0.500000,0.000000,-1.000000;
moddate=7fad84afb788d001
width=1400
height=730
textactive=0
